# Distribution charge_dist.dat
#
# total bib_ids with non-zero counts = 2135257
# total bib_ids with any usage data = 2345788
# total of all counts = 12819422
#
# col1 = count
# col2 = num_bib_ids
# col3 = fraction of total bib_ids with non-zero counts for this metric
# col4 = fraction of all bib_ids with any usage data
# col5 = example bib_id (prepend: https://newcatalog.library.cornell.edu/catalog/)
1	803569	0.3763336	0.3425582	-
2	378064	0.1770578	0.1611672	-
3	214586	0.1004966	0.0914771	-
4	146225	0.0684812	0.0623351	-
5	103291	0.0483740	0.0440325	-
6	78075	0.0365647	0.0332831	-
7	59844	0.0280266	0.0255113	-
8	47828	0.0223992	0.0203889	-
9	38858	0.0181983	0.0165650	-
10	32016	0.0149940	0.0136483	-
11	26460	0.0123920	0.0112798	-
12	22435	0.0105069	0.0095640	-
13	18930	0.0088654	0.0080698	-
14	16111	0.0075452	0.0068681	-
15	14074	0.0065912	0.0059997	-
16	12339	0.0057787	0.0052601	-
17	10670	0.0049971	0.0045486	-
18	9314	0.0043620	0.0039705	-
19	8113	0.0037995	0.0034585	-
20	7112	0.0033307	0.0030318	-
21	6402	0.0029982	0.0027291	-
22	5671	0.0026559	0.0024175	-
23	5084	0.0023810	0.0021673	-
24	4572	0.0021412	0.0019490	-
25	4118	0.0019286	0.0017555	-
26	3843	0.0017998	0.0016383	-
27	3451	0.0016162	0.0014711	-
28	2955	0.0013839	0.0012597	-
29	2752	0.0012888	0.0011732	-
30	2616	0.0012251	0.0011152	-
31	2268	0.0010622	0.0009668	-
32	2187	0.0010242	0.0009323	-
33	2012	0.0009423	0.0008577	-
34	1860	0.0008711	0.0007929	-
35	1717	0.0008041	0.0007320	-
36	1522	0.0007128	0.0006488	-
37	1479	0.0006927	0.0006305	-
38	1365	0.0006393	0.0005819	-
39	1220	0.0005714	0.0005201	-
40	1152	0.0005395	0.0004911	-
41	1099	0.0005147	0.0004685	-
42	1060	0.0004964	0.0004519	-
43	989	0.0004632	0.0004216	-
44	965	0.0004519	0.0004114	-
45	810	0.0003793	0.0003453	-
46	830	0.0003887	0.0003538	-
47	742	0.0003475	0.0003163	-
48	738	0.0003456	0.0003146	-
49	639	0.0002993	0.0002724	-
50	629	0.0002946	0.0002681	-
51	619	0.0002899	0.0002639	-
52	577	0.0002702	0.0002460	-
53	576	0.0002698	0.0002455	-
54	549	0.0002571	0.0002340	-
55	528	0.0002473	0.0002251	-
56	492	0.0002304	0.0002097	-
57	459	0.0002150	0.0001957	-
58	456	0.0002136	0.0001944	-
59	403	0.0001887	0.0001718	-
60	417	0.0001953	0.0001778	-
61	399	0.0001869	0.0001701	-
62	375	0.0001756	0.0001599	-
63	359	0.0001681	0.0001530	-
64	339	0.0001588	0.0001445	-
65	296	0.0001386	0.0001262	-
66	303	0.0001419	0.0001292	-
67	302	0.0001414	0.0001287	-
68	285	0.0001335	0.0001215	-
69	254	0.0001190	0.0001083	-
70	280	0.0001311	0.0001194	-
71	277	0.0001297	0.0001181	-
72	252	0.0001180	0.0001074	-
73	272	0.0001274	0.0001160	-
74	220	0.0001030	0.0000938	-
75	214	0.0001002	0.0000912	-
76	243	0.0001138	0.0001036	-
77	231	0.0001082	0.0000985	-
78	198	0.0000927	0.0000844	-
79	205	0.0000960	0.0000874	-
80	204	0.0000955	0.0000870	-
81	199	0.0000932	0.0000848	-
82	179	0.0000838	0.0000763	-
83	179	0.0000838	0.0000763	-
84	177	0.0000829	0.0000755	-
85	171	0.0000801	0.0000729	-
86	174	0.0000815	0.0000742	-
87	129	0.0000604	0.0000550	-
88	157	0.0000735	0.0000669	-
89	135	0.0000632	0.0000575	-
90	129	0.0000604	0.0000550	-
91	142	0.0000665	0.0000605	-
92	124	0.0000581	0.0000529	-
93	135	0.0000632	0.0000575	-
94	141	0.0000660	0.0000601	-
95	116	0.0000543	0.0000495	-
96	138	0.0000646	0.0000588	-
97	127	0.0000595	0.0000541	-
98	107	0.0000501	0.0000456	-
99	101	0.0000473	0.0000431	-
100	112	0.0000525	0.0000477	-
101	108	0.0000506	0.0000460	-
102	102	0.0000478	0.0000435	-
103	115	0.0000539	0.0000490	-
104	101	0.0000473	0.0000431	-
105	88	0.0000412	0.0000375	-
106	84	0.0000393	0.0000358	-
107	105	0.0000492	0.0000448	-
108	92	0.0000431	0.0000392	-
109	93	0.0000436	0.0000396	-
110	94	0.0000440	0.0000401	-
111	72	0.0000337	0.0000307	-
112	93	0.0000436	0.0000396	-
113	77	0.0000361	0.0000328	-
114	70	0.0000328	0.0000298	-
115	76	0.0000356	0.0000324	-
116	68	0.0000318	0.0000290	-
117	86	0.0000403	0.0000367	-
118	74	0.0000347	0.0000315	-
119	77	0.0000361	0.0000328	-
120	67	0.0000314	0.0000286	-
121	73	0.0000342	0.0000311	-
122	75	0.0000351	0.0000320	-
123	67	0.0000314	0.0000286	-
124	67	0.0000314	0.0000286	-
125	55	0.0000258	0.0000234	-
126	58	0.0000272	0.0000247	-
127	51	0.0000239	0.0000217	-
128	62	0.0000290	0.0000264	-
129	45	0.0000211	0.0000192	-
130	62	0.0000290	0.0000264	-
131	55	0.0000258	0.0000234	-
132	52	0.0000244	0.0000222	-
133	64	0.0000300	0.0000273	-
134	59	0.0000276	0.0000252	-
135	56	0.0000262	0.0000239	-
136	38	0.0000178	0.0000162	-
137	51	0.0000239	0.0000217	-
138	51	0.0000239	0.0000217	-
139	45	0.0000211	0.0000192	-
140	44	0.0000206	0.0000188	-
141	51	0.0000239	0.0000217	-
142	63	0.0000295	0.0000269	-
143	48	0.0000225	0.0000205	-
144	59	0.0000276	0.0000252	-
145	38	0.0000178	0.0000162	-
146	44	0.0000206	0.0000188	-
147	51	0.0000239	0.0000217	-
148	28	0.0000131	0.0000119	-
149	25	0.0000117	0.0000107	-
150	45	0.0000211	0.0000192	-
151	35	0.0000164	0.0000149	-
152	44	0.0000206	0.0000188	-
153	26	0.0000122	0.0000111	-
154	41	0.0000192	0.0000175	-
155	36	0.0000169	0.0000153	-
156	37	0.0000173	0.0000158	-
157	32	0.0000150	0.0000136	-
158	38	0.0000178	0.0000162	-
159	39	0.0000183	0.0000166	-
160	34	0.0000159	0.0000145	-
161	32	0.0000150	0.0000136	-
162	24	0.0000112	0.0000102	-
163	36	0.0000169	0.0000153	-
164	35	0.0000164	0.0000149	-
165	37	0.0000173	0.0000158	-
166	37	0.0000173	0.0000158	-
167	24	0.0000112	0.0000102	-
168	27	0.0000126	0.0000115	-
169	21	0.0000098	0.0000090	-
170	26	0.0000122	0.0000111	-
171	31	0.0000145	0.0000132	-
172	16	0.0000075	0.0000068	-
173	18	0.0000084	0.0000077	-
174	26	0.0000122	0.0000111	-
175	24	0.0000112	0.0000102	-
176	19	0.0000089	0.0000081	-
177	25	0.0000117	0.0000107	-
178	30	0.0000140	0.0000128	-
179	25	0.0000117	0.0000107	-
180	26	0.0000122	0.0000111	-
181	26	0.0000122	0.0000111	-
182	32	0.0000150	0.0000136	-
183	23	0.0000108	0.0000098	-
184	28	0.0000131	0.0000119	-
185	34	0.0000159	0.0000145	-
186	33	0.0000155	0.0000141	-
187	22	0.0000103	0.0000094	-
188	23	0.0000108	0.0000098	-
189	21	0.0000098	0.0000090	-
190	24	0.0000112	0.0000102	-
191	19	0.0000089	0.0000081	-
192	15	0.0000070	0.0000064	-
193	20	0.0000094	0.0000085	-
194	17	0.0000080	0.0000072	-
195	22	0.0000103	0.0000094	-
196	22	0.0000103	0.0000094	-
197	20	0.0000094	0.0000085	-
198	24	0.0000112	0.0000102	-
199	18	0.0000084	0.0000077	-
200	23	0.0000108	0.0000098	-
201	17	0.0000080	0.0000072	-
202	15	0.0000070	0.0000064	-
203	19	0.0000089	0.0000081	-
204	16	0.0000075	0.0000068	-
205	23	0.0000108	0.0000098	-
206	17	0.0000080	0.0000072	-
207	15	0.0000070	0.0000064	-
208	14	0.0000066	0.0000060	-
209	26	0.0000122	0.0000111	-
210	18	0.0000084	0.0000077	-
211	18	0.0000084	0.0000077	-
212	23	0.0000108	0.0000098	-
213	19	0.0000089	0.0000081	-
214	16	0.0000075	0.0000068	-
215	16	0.0000075	0.0000068	-
216	13	0.0000061	0.0000055	-
217	19	0.0000089	0.0000081	-
218	17	0.0000080	0.0000072	-
219	11	0.0000052	0.0000047	-
220	16	0.0000075	0.0000068	-
221	20	0.0000094	0.0000085	-
222	15	0.0000070	0.0000064	-
223	11	0.0000052	0.0000047	-
224	20	0.0000094	0.0000085	-
225	17	0.0000080	0.0000072	-
226	18	0.0000084	0.0000077	-
227	20	0.0000094	0.0000085	-
228	13	0.0000061	0.0000055	-
229	16	0.0000075	0.0000068	-
230	10	0.0000047	0.0000043	-
231	10	0.0000047	0.0000043	-
232	11	0.0000052	0.0000047	-
233	9	0.0000042	0.0000038	-
234	18	0.0000084	0.0000077	-
235	8	0.0000037	0.0000034	-
236	12	0.0000056	0.0000051	-
237	12	0.0000056	0.0000051	-
238	9	0.0000042	0.0000038	-
239	14	0.0000066	0.0000060	-
240	12	0.0000056	0.0000051	-
241	19	0.0000089	0.0000081	-
242	10	0.0000047	0.0000043	-
243	12	0.0000056	0.0000051	-
244	13	0.0000061	0.0000055	-
245	22	0.0000103	0.0000094	-
246	14	0.0000066	0.0000060	-
247	16	0.0000075	0.0000068	-
248	10	0.0000047	0.0000043	-
249	12	0.0000056	0.0000051	-
250	15	0.0000070	0.0000064	-
251	10	0.0000047	0.0000043	-
252	7	0.0000033	0.0000030	-
253	9	0.0000042	0.0000038	-
254	11	0.0000052	0.0000047	-
255	10	0.0000047	0.0000043	-
256	12	0.0000056	0.0000051	-
257	8	0.0000037	0.0000034	-
258	5	0.0000023	0.0000021	-
259	15	0.0000070	0.0000064	-
260	10	0.0000047	0.0000043	-
261	9	0.0000042	0.0000038	-
262	9	0.0000042	0.0000038	-
263	13	0.0000061	0.0000055	-
264	8	0.0000037	0.0000034	-
265	10	0.0000047	0.0000043	-
266	9	0.0000042	0.0000038	-
267	6	0.0000028	0.0000026	-
268	9	0.0000042	0.0000038	-
269	8	0.0000037	0.0000034	-
270	12	0.0000056	0.0000051	-
271	13	0.0000061	0.0000055	-
272	12	0.0000056	0.0000051	-
273	7	0.0000033	0.0000030	-
274	8	0.0000037	0.0000034	-
275	10	0.0000047	0.0000043	-
276	10	0.0000047	0.0000043	-
277	11	0.0000052	0.0000047	-
278	12	0.0000056	0.0000051	-
279	2	0.0000009	0.0000009	-
280	12	0.0000056	0.0000051	-
281	6	0.0000028	0.0000026	-
282	6	0.0000028	0.0000026	-
283	6	0.0000028	0.0000026	-
284	4	0.0000019	0.0000017	-
285	7	0.0000033	0.0000030	-
286	9	0.0000042	0.0000038	-
287	6	0.0000028	0.0000026	-
288	7	0.0000033	0.0000030	-
289	2	0.0000009	0.0000009	-
290	10	0.0000047	0.0000043	-
291	8	0.0000037	0.0000034	-
292	4	0.0000019	0.0000017	-
293	8	0.0000037	0.0000034	-
294	9	0.0000042	0.0000038	-
295	9	0.0000042	0.0000038	-
296	8	0.0000037	0.0000034	-
297	9	0.0000042	0.0000038	-
298	6	0.0000028	0.0000026	-
299	7	0.0000033	0.0000030	-
300	9	0.0000042	0.0000038	-
301	6	0.0000028	0.0000026	-
302	7	0.0000033	0.0000030	-
303	4	0.0000019	0.0000017	-
304	6	0.0000028	0.0000026	-
305	5	0.0000023	0.0000021	-
306	7	0.0000033	0.0000030	-
307	6	0.0000028	0.0000026	-
308	7	0.0000033	0.0000030	-
309	8	0.0000037	0.0000034	-
310	6	0.0000028	0.0000026	-
311	7	0.0000033	0.0000030	-
312	7	0.0000033	0.0000030	-
313	10	0.0000047	0.0000043	-
314	5	0.0000023	0.0000021	-
315	5	0.0000023	0.0000021	-
316	4	0.0000019	0.0000017	-
317	8	0.0000037	0.0000034	-
318	7	0.0000033	0.0000030	-
319	7	0.0000033	0.0000030	-
320	4	0.0000019	0.0000017	-
321	7	0.0000033	0.0000030	-
322	6	0.0000028	0.0000026	-
323	9	0.0000042	0.0000038	-
324	6	0.0000028	0.0000026	-
325	2	0.0000009	0.0000009	-
326	4	0.0000019	0.0000017	-
327	2	0.0000009	0.0000009	-
328	3	0.0000014	0.0000013	-
329	4	0.0000019	0.0000017	-
330	4	0.0000019	0.0000017	-
331	4	0.0000019	0.0000017	-
332	8	0.0000037	0.0000034	-
333	3	0.0000014	0.0000013	-
334	10	0.0000047	0.0000043	-
335	4	0.0000019	0.0000017	-
336	5	0.0000023	0.0000021	-
337	2	0.0000009	0.0000009	-
338	5	0.0000023	0.0000021	-
339	4	0.0000019	0.0000017	-
340	8	0.0000037	0.0000034	-
341	4	0.0000019	0.0000017	-
342	6	0.0000028	0.0000026	-
343	5	0.0000023	0.0000021	-
344	5	0.0000023	0.0000021	-
345	9	0.0000042	0.0000038	-
346	1	0.0000005	0.0000004	-
347	6	0.0000028	0.0000026	-
348	5	0.0000023	0.0000021	-
349	2	0.0000009	0.0000009	-
350	2	0.0000009	0.0000009	-
351	2	0.0000009	0.0000009	-
352	4	0.0000019	0.0000017	-
353	3	0.0000014	0.0000013	-
354	4	0.0000019	0.0000017	-
355	5	0.0000023	0.0000021	-
356	7	0.0000033	0.0000030	-
357	3	0.0000014	0.0000013	-
358	8	0.0000037	0.0000034	-
359	6	0.0000028	0.0000026	-
360	4	0.0000019	0.0000017	-
361	5	0.0000023	0.0000021	-
362	4	0.0000019	0.0000017	-
363	1	0.0000005	0.0000004	-
364	5	0.0000023	0.0000021	-
365	5	0.0000023	0.0000021	-
366	2	0.0000009	0.0000009	-
367	4	0.0000019	0.0000017	-
368	3	0.0000014	0.0000013	-
369	5	0.0000023	0.0000021	-
370	5	0.0000023	0.0000021	-
371	2	0.0000009	0.0000009	-
372	2	0.0000009	0.0000009	-
373	1	0.0000005	0.0000004	-
374	2	0.0000009	0.0000009	-
376	1	0.0000005	0.0000004	-
377	8	0.0000037	0.0000034	-
378	2	0.0000009	0.0000009	-
379	5	0.0000023	0.0000021	-
380	5	0.0000023	0.0000021	-
381	4	0.0000019	0.0000017	-
382	7	0.0000033	0.0000030	-
384	6	0.0000028	0.0000026	-
385	2	0.0000009	0.0000009	-
386	5	0.0000023	0.0000021	-
387	2	0.0000009	0.0000009	-
388	4	0.0000019	0.0000017	-
389	2	0.0000009	0.0000009	-
390	3	0.0000014	0.0000013	-
391	3	0.0000014	0.0000013	-
392	1	0.0000005	0.0000004	-
393	6	0.0000028	0.0000026	-
394	5	0.0000023	0.0000021	-
395	5	0.0000023	0.0000021	-
396	7	0.0000033	0.0000030	-
397	7	0.0000033	0.0000030	-
398	4	0.0000019	0.0000017	-
399	2	0.0000009	0.0000009	-
400	4	0.0000019	0.0000017	-
401	3	0.0000014	0.0000013	-
402	3	0.0000014	0.0000013	-
403	4	0.0000019	0.0000017	-
404	6	0.0000028	0.0000026	-
405	1	0.0000005	0.0000004	-
406	3	0.0000014	0.0000013	-
407	5	0.0000023	0.0000021	-
408	2	0.0000009	0.0000009	-
409	6	0.0000028	0.0000026	-
410	4	0.0000019	0.0000017	-
411	2	0.0000009	0.0000009	-
412	4	0.0000019	0.0000017	-
413	1	0.0000005	0.0000004	-
414	4	0.0000019	0.0000017	-
415	3	0.0000014	0.0000013	-
416	2	0.0000009	0.0000009	-
417	5	0.0000023	0.0000021	-
418	5	0.0000023	0.0000021	-
419	1	0.0000005	0.0000004	-
420	5	0.0000023	0.0000021	-
421	3	0.0000014	0.0000013	-
422	1	0.0000005	0.0000004	-
423	3	0.0000014	0.0000013	-
424	2	0.0000009	0.0000009	-
425	2	0.0000009	0.0000009	-
427	1	0.0000005	0.0000004	-
428	5	0.0000023	0.0000021	-
429	8	0.0000037	0.0000034	-
430	3	0.0000014	0.0000013	-
431	2	0.0000009	0.0000009	-
432	2	0.0000009	0.0000009	-
433	5	0.0000023	0.0000021	-
434	4	0.0000019	0.0000017	-
435	1	0.0000005	0.0000004	-
436	5	0.0000023	0.0000021	-
437	1	0.0000005	0.0000004	-
438	3	0.0000014	0.0000013	-
439	3	0.0000014	0.0000013	-
440	4	0.0000019	0.0000017	-
442	3	0.0000014	0.0000013	-
443	3	0.0000014	0.0000013	-
444	1	0.0000005	0.0000004	-
445	3	0.0000014	0.0000013	-
446	4	0.0000019	0.0000017	-
447	1	0.0000005	0.0000004	-
448	2	0.0000009	0.0000009	-
449	2	0.0000009	0.0000009	-
450	3	0.0000014	0.0000013	-
451	3	0.0000014	0.0000013	-
453	3	0.0000014	0.0000013	-
454	2	0.0000009	0.0000009	-
455	1	0.0000005	0.0000004	-
456	2	0.0000009	0.0000009	-
457	3	0.0000014	0.0000013	-
458	2	0.0000009	0.0000009	-
459	1	0.0000005	0.0000004	-
460	2	0.0000009	0.0000009	-
461	2	0.0000009	0.0000009	-
462	2	0.0000009	0.0000009	-
463	1	0.0000005	0.0000004	-
464	2	0.0000009	0.0000009	-
465	2	0.0000009	0.0000009	-
466	3	0.0000014	0.0000013	-
468	1	0.0000005	0.0000004	-
469	2	0.0000009	0.0000009	-
470	2	0.0000009	0.0000009	-
471	3	0.0000014	0.0000013	-
472	1	0.0000005	0.0000004	-
473	3	0.0000014	0.0000013	-
474	2	0.0000009	0.0000009	-
475	1	0.0000005	0.0000004	-
476	4	0.0000019	0.0000017	-
477	5	0.0000023	0.0000021	-
480	1	0.0000005	0.0000004	-
481	1	0.0000005	0.0000004	-
482	2	0.0000009	0.0000009	-
483	2	0.0000009	0.0000009	-
484	4	0.0000019	0.0000017	-
486	2	0.0000009	0.0000009	-
487	2	0.0000009	0.0000009	-
488	3	0.0000014	0.0000013	-
489	1	0.0000005	0.0000004	-
490	1	0.0000005	0.0000004	-
491	2	0.0000009	0.0000009	-
492	1	0.0000005	0.0000004	-
493	2	0.0000009	0.0000009	-
494	1	0.0000005	0.0000004	-
495	3	0.0000014	0.0000013	-
496	1	0.0000005	0.0000004	-
499	2	0.0000009	0.0000009	-
500	1	0.0000005	0.0000004	-
504	4	0.0000019	0.0000017	-
506	3	0.0000014	0.0000013	-
507	1	0.0000005	0.0000004	-
508	1	0.0000005	0.0000004	-
509	2	0.0000009	0.0000009	-
510	2	0.0000009	0.0000009	-
511	3	0.0000014	0.0000013	-
512	1	0.0000005	0.0000004	-
513	3	0.0000014	0.0000013	-
514	5	0.0000023	0.0000021	-
516	1	0.0000005	0.0000004	-
517	2	0.0000009	0.0000009	-
518	2	0.0000009	0.0000009	-
519	1	0.0000005	0.0000004	-
521	2	0.0000009	0.0000009	-
522	3	0.0000014	0.0000013	-
524	1	0.0000005	0.0000004	-
525	3	0.0000014	0.0000013	-
526	1	0.0000005	0.0000004	-
527	1	0.0000005	0.0000004	-
528	3	0.0000014	0.0000013	-
530	1	0.0000005	0.0000004	-
531	3	0.0000014	0.0000013	-
534	2	0.0000009	0.0000009	-
535	1	0.0000005	0.0000004	-
537	1	0.0000005	0.0000004	-
538	1	0.0000005	0.0000004	-
540	1	0.0000005	0.0000004	-
541	1	0.0000005	0.0000004	-
542	3	0.0000014	0.0000013	-
543	1	0.0000005	0.0000004	-
544	1	0.0000005	0.0000004	-
545	1	0.0000005	0.0000004	-
546	2	0.0000009	0.0000009	-
547	6	0.0000028	0.0000026	-
548	2	0.0000009	0.0000009	-
550	2	0.0000009	0.0000009	-
553	2	0.0000009	0.0000009	-
554	3	0.0000014	0.0000013	-
556	1	0.0000005	0.0000004	-
557	5	0.0000023	0.0000021	-
558	1	0.0000005	0.0000004	-
560	1	0.0000005	0.0000004	-
562	1	0.0000005	0.0000004	-
563	1	0.0000005	0.0000004	-
564	1	0.0000005	0.0000004	-
565	1	0.0000005	0.0000004	-
566	1	0.0000005	0.0000004	-
567	1	0.0000005	0.0000004	-
568	1	0.0000005	0.0000004	-
569	3	0.0000014	0.0000013	-
570	2	0.0000009	0.0000009	-
571	2	0.0000009	0.0000009	-
572	1	0.0000005	0.0000004	-
573	2	0.0000009	0.0000009	-
575	5	0.0000023	0.0000021	-
576	1	0.0000005	0.0000004	-
577	4	0.0000019	0.0000017	-
580	1	0.0000005	0.0000004	-
581	3	0.0000014	0.0000013	-
583	3	0.0000014	0.0000013	-
585	3	0.0000014	0.0000013	-
586	1	0.0000005	0.0000004	-
588	1	0.0000005	0.0000004	-
589	2	0.0000009	0.0000009	-
591	2	0.0000009	0.0000009	-
593	2	0.0000009	0.0000009	-
594	1	0.0000005	0.0000004	-
595	1	0.0000005	0.0000004	-
596	2	0.0000009	0.0000009	-
597	2	0.0000009	0.0000009	-
599	2	0.0000009	0.0000009	-
600	1	0.0000005	0.0000004	-
601	2	0.0000009	0.0000009	-
603	2	0.0000009	0.0000009	-
604	2	0.0000009	0.0000009	-
605	1	0.0000005	0.0000004	-
606	2	0.0000009	0.0000009	-
607	1	0.0000005	0.0000004	-
608	3	0.0000014	0.0000013	-
609	1	0.0000005	0.0000004	-
610	2	0.0000009	0.0000009	-
611	1	0.0000005	0.0000004	-
612	2	0.0000009	0.0000009	-
613	2	0.0000009	0.0000009	-
614	1	0.0000005	0.0000004	-
617	1	0.0000005	0.0000004	-
620	1	0.0000005	0.0000004	-
623	2	0.0000009	0.0000009	-
626	1	0.0000005	0.0000004	-
629	1	0.0000005	0.0000004	-
630	1	0.0000005	0.0000004	-
633	4	0.0000019	0.0000017	-
636	1	0.0000005	0.0000004	-
637	3	0.0000014	0.0000013	-
638	3	0.0000014	0.0000013	-
639	1	0.0000005	0.0000004	-
641	1	0.0000005	0.0000004	-
642	1	0.0000005	0.0000004	-
643	1	0.0000005	0.0000004	-
648	2	0.0000009	0.0000009	-
651	2	0.0000009	0.0000009	-
652	3	0.0000014	0.0000013	-
653	1	0.0000005	0.0000004	-
654	1	0.0000005	0.0000004	-
657	2	0.0000009	0.0000009	-
659	1	0.0000005	0.0000004	-
661	1	0.0000005	0.0000004	-
663	1	0.0000005	0.0000004	-
664	2	0.0000009	0.0000009	-
666	1	0.0000005	0.0000004	-
668	1	0.0000005	0.0000004	-
669	3	0.0000014	0.0000013	-
670	1	0.0000005	0.0000004	-
671	1	0.0000005	0.0000004	-
672	1	0.0000005	0.0000004	-
673	1	0.0000005	0.0000004	-
675	1	0.0000005	0.0000004	-
676	1	0.0000005	0.0000004	-
678	1	0.0000005	0.0000004	-
680	1	0.0000005	0.0000004	-
682	1	0.0000005	0.0000004	-
684	2	0.0000009	0.0000009	-
685	1	0.0000005	0.0000004	-
686	1	0.0000005	0.0000004	-
688	1	0.0000005	0.0000004	-
690	1	0.0000005	0.0000004	-
693	1	0.0000005	0.0000004	-
695	1	0.0000005	0.0000004	-
696	3	0.0000014	0.0000013	-
699	2	0.0000009	0.0000009	-
701	2	0.0000009	0.0000009	-
702	1	0.0000005	0.0000004	-
703	1	0.0000005	0.0000004	-
704	1	0.0000005	0.0000004	-
705	3	0.0000014	0.0000013	-
706	1	0.0000005	0.0000004	-
709	1	0.0000005	0.0000004	-
710	2	0.0000009	0.0000009	-
711	1	0.0000005	0.0000004	-
712	1	0.0000005	0.0000004	-
713	2	0.0000009	0.0000009	-
715	1	0.0000005	0.0000004	-
718	3	0.0000014	0.0000013	-
720	2	0.0000009	0.0000009	-
721	1	0.0000005	0.0000004	-
724	2	0.0000009	0.0000009	-
727	1	0.0000005	0.0000004	-
730	1	0.0000005	0.0000004	-
732	1	0.0000005	0.0000004	-
734	1	0.0000005	0.0000004	-
735	1	0.0000005	0.0000004	-
739	1	0.0000005	0.0000004	-
741	1	0.0000005	0.0000004	-
746	1	0.0000005	0.0000004	-
748	3	0.0000014	0.0000013	-
749	1	0.0000005	0.0000004	-
750	1	0.0000005	0.0000004	-
751	1	0.0000005	0.0000004	-
753	1	0.0000005	0.0000004	-
755	1	0.0000005	0.0000004	-
757	2	0.0000009	0.0000009	-
758	1	0.0000005	0.0000004	-
759	1	0.0000005	0.0000004	-
762	1	0.0000005	0.0000004	-
763	2	0.0000009	0.0000009	-
764	1	0.0000005	0.0000004	-
768	2	0.0000009	0.0000009	-
777	1	0.0000005	0.0000004	-
779	1	0.0000005	0.0000004	-
784	1	0.0000005	0.0000004	-
785	1	0.0000005	0.0000004	-
786	1	0.0000005	0.0000004	-
788	1	0.0000005	0.0000004	-
789	1	0.0000005	0.0000004	-
791	1	0.0000005	0.0000004	-
795	1	0.0000005	0.0000004	-
797	1	0.0000005	0.0000004	-
798	1	0.0000005	0.0000004	-
799	2	0.0000009	0.0000009	-
803	1	0.0000005	0.0000004	-
804	1	0.0000005	0.0000004	-
805	1	0.0000005	0.0000004	-
808	1	0.0000005	0.0000004	-
811	1	0.0000005	0.0000004	-
812	1	0.0000005	0.0000004	-
814	1	0.0000005	0.0000004	-
816	1	0.0000005	0.0000004	-
823	1	0.0000005	0.0000004	-
825	1	0.0000005	0.0000004	-
826	1	0.0000005	0.0000004	-
827	1	0.0000005	0.0000004	-
828	1	0.0000005	0.0000004	-
831	1	0.0000005	0.0000004	-
833	1	0.0000005	0.0000004	-
835	1	0.0000005	0.0000004	-
836	2	0.0000009	0.0000009	-
837	1	0.0000005	0.0000004	-
838	1	0.0000005	0.0000004	-
840	1	0.0000005	0.0000004	-
842	2	0.0000009	0.0000009	-
844	1	0.0000005	0.0000004	-
847	1	0.0000005	0.0000004	-
848	3	0.0000014	0.0000013	-
852	1	0.0000005	0.0000004	-
853	2	0.0000009	0.0000009	-
854	1	0.0000005	0.0000004	-
857	1	0.0000005	0.0000004	-
861	1	0.0000005	0.0000004	-
866	1	0.0000005	0.0000004	-
868	1	0.0000005	0.0000004	-
869	1	0.0000005	0.0000004	-
873	1	0.0000005	0.0000004	-
875	1	0.0000005	0.0000004	-
878	1	0.0000005	0.0000004	-
879	1	0.0000005	0.0000004	-
880	1	0.0000005	0.0000004	-
881	1	0.0000005	0.0000004	-
883	1	0.0000005	0.0000004	-
894	1	0.0000005	0.0000004	-
895	2	0.0000009	0.0000009	-
897	2	0.0000009	0.0000009	-
902	1	0.0000005	0.0000004	-
903	1	0.0000005	0.0000004	-
909	1	0.0000005	0.0000004	-
911	1	0.0000005	0.0000004	-
914	1	0.0000005	0.0000004	-
918	1	0.0000005	0.0000004	-
920	1	0.0000005	0.0000004	-
922	1	0.0000005	0.0000004	-
926	1	0.0000005	0.0000004	-
927	1	0.0000005	0.0000004	-
930	1	0.0000005	0.0000004	-
934	2	0.0000009	0.0000009	-
937	1	0.0000005	0.0000004	-
940	1	0.0000005	0.0000004	-
942	1	0.0000005	0.0000004	-
943	2	0.0000009	0.0000009	-
945	1	0.0000005	0.0000004	-
956	2	0.0000009	0.0000009	-
958	1	0.0000005	0.0000004	-
964	2	0.0000009	0.0000009	-
968	1	0.0000005	0.0000004	-
975	1	0.0000005	0.0000004	-
982	2	0.0000009	0.0000009	-
983	1	0.0000005	0.0000004	-
984	1	0.0000005	0.0000004	-
994	1	0.0000005	0.0000004	-
995	3	0.0000014	0.0000013	-
998	1	0.0000005	0.0000004	-
1002	1	0.0000005	0.0000004	-
1007	1	0.0000005	0.0000004	-
1008	1	0.0000005	0.0000004	-
1015	1	0.0000005	0.0000004	-
1016	1	0.0000005	0.0000004	-
1019	2	0.0000009	0.0000009	-
1028	1	0.0000005	0.0000004	-
1030	1	0.0000005	0.0000004	-
1031	1	0.0000005	0.0000004	-
1041	2	0.0000009	0.0000009	-
1046	1	0.0000005	0.0000004	-
1049	1	0.0000005	0.0000004	-
1051	1	0.0000005	0.0000004	-
1057	2	0.0000009	0.0000009	-
1059	1	0.0000005	0.0000004	-
1060	1	0.0000005	0.0000004	-
1061	2	0.0000009	0.0000009	-
1064	1	0.0000005	0.0000004	-
1067	1	0.0000005	0.0000004	-
1069	1	0.0000005	0.0000004	-
1070	2	0.0000009	0.0000009	-
1071	1	0.0000005	0.0000004	-
1073	2	0.0000009	0.0000009	-
1090	1	0.0000005	0.0000004	-
1093	1	0.0000005	0.0000004	-
1094	1	0.0000005	0.0000004	-
1098	1	0.0000005	0.0000004	-
1108	1	0.0000005	0.0000004	-
1110	1	0.0000005	0.0000004	-
1115	1	0.0000005	0.0000004	-
1127	1	0.0000005	0.0000004	-
1137	1	0.0000005	0.0000004	-
1138	1	0.0000005	0.0000004	-
1140	1	0.0000005	0.0000004	-
1145	2	0.0000009	0.0000009	-
1147	1	0.0000005	0.0000004	-
1148	1	0.0000005	0.0000004	-
1151	1	0.0000005	0.0000004	-
1166	1	0.0000005	0.0000004	-
1168	1	0.0000005	0.0000004	-
1171	1	0.0000005	0.0000004	-
1178	1	0.0000005	0.0000004	-
1188	1	0.0000005	0.0000004	-
1192	1	0.0000005	0.0000004	-
1193	1	0.0000005	0.0000004	-
1209	2	0.0000009	0.0000009	-
1210	2	0.0000009	0.0000009	-
1214	1	0.0000005	0.0000004	-
1216	1	0.0000005	0.0000004	-
1220	1	0.0000005	0.0000004	-
1226	1	0.0000005	0.0000004	-
1228	1	0.0000005	0.0000004	-
1235	1	0.0000005	0.0000004	-
1258	1	0.0000005	0.0000004	-
1264	1	0.0000005	0.0000004	-
1287	1	0.0000005	0.0000004	-
1295	1	0.0000005	0.0000004	-
1309	1	0.0000005	0.0000004	-
1323	1	0.0000005	0.0000004	-
1331	1	0.0000005	0.0000004	-
1344	1	0.0000005	0.0000004	-
1351	1	0.0000005	0.0000004	-
1356	1	0.0000005	0.0000004	-
1358	1	0.0000005	0.0000004	-
1360	1	0.0000005	0.0000004	-
1365	1	0.0000005	0.0000004	-
1368	1	0.0000005	0.0000004	-
1370	1	0.0000005	0.0000004	-
1379	2	0.0000009	0.0000009	-
1380	1	0.0000005	0.0000004	-
1398	1	0.0000005	0.0000004	-
1410	1	0.0000005	0.0000004	-
1428	1	0.0000005	0.0000004	-
1432	1	0.0000005	0.0000004	-
1441	1	0.0000005	0.0000004	-
1445	1	0.0000005	0.0000004	-
1446	1	0.0000005	0.0000004	-
1452	1	0.0000005	0.0000004	-
1498	1	0.0000005	0.0000004	-
1505	1	0.0000005	0.0000004	-
1521	1	0.0000005	0.0000004	-
1531	1	0.0000005	0.0000004	-
1536	1	0.0000005	0.0000004	-
1546	1	0.0000005	0.0000004	-
1578	1	0.0000005	0.0000004	-
1592	1	0.0000005	0.0000004	-
1639	1	0.0000005	0.0000004	-
1651	1	0.0000005	0.0000004	-
1663	1	0.0000005	0.0000004	-
1690	1	0.0000005	0.0000004	-
1693	2	0.0000009	0.0000009	-
1695	1	0.0000005	0.0000004	-
1707	1	0.0000005	0.0000004	-
1738	1	0.0000005	0.0000004	-
1763	1	0.0000005	0.0000004	-
1795	1	0.0000005	0.0000004	-
1817	1	0.0000005	0.0000004	-
1836	1	0.0000005	0.0000004	-
1839	1	0.0000005	0.0000004	-
1845	1	0.0000005	0.0000004	-
1858	1	0.0000005	0.0000004	-
1881	1	0.0000005	0.0000004	-
1897	1	0.0000005	0.0000004	-
1909	1	0.0000005	0.0000004	-
1911	1	0.0000005	0.0000004	-
1966	1	0.0000005	0.0000004	-
2058	1	0.0000005	0.0000004	-
2061	1	0.0000005	0.0000004	-
2098	1	0.0000005	0.0000004	-
2100	1	0.0000005	0.0000004	-
2105	1	0.0000005	0.0000004	-
2116	1	0.0000005	0.0000004	-
2159	1	0.0000005	0.0000004	-
2242	1	0.0000005	0.0000004	-
2249	1	0.0000005	0.0000004	-
2265	1	0.0000005	0.0000004	-
2373	1	0.0000005	0.0000004	-
2374	1	0.0000005	0.0000004	-
2463	1	0.0000005	0.0000004	-
2470	2	0.0000009	0.0000009	-
2488	1	0.0000005	0.0000004	-
2542	1	0.0000005	0.0000004	-
2566	1	0.0000005	0.0000004	-
2578	1	0.0000005	0.0000004	-
2627	1	0.0000005	0.0000004	-
2639	1	0.0000005	0.0000004	-
2812	1	0.0000005	0.0000004	-
2854	1	0.0000005	0.0000004	-
2861	1	0.0000005	0.0000004	-
2936	1	0.0000005	0.0000004	-
3040	1	0.0000005	0.0000004	-
3153	1	0.0000005	0.0000004	-
3178	1	0.0000005	0.0000004	-
3221	1	0.0000005	0.0000004	-
3311	1	0.0000005	0.0000004	-
3329	1	0.0000005	0.0000004	-
3408	1	0.0000005	0.0000004	-
3431	1	0.0000005	0.0000004	-
3456	1	0.0000005	0.0000004	-
3461	1	0.0000005	0.0000004	-
3507	1	0.0000005	0.0000004	-
3526	1	0.0000005	0.0000004	-
3663	1	0.0000005	0.0000004	-
3735	1	0.0000005	0.0000004	-
3883	1	0.0000005	0.0000004	-
4037	1	0.0000005	0.0000004	-
4083	1	0.0000005	0.0000004	-
4246	1	0.0000005	0.0000004	-
4570	1	0.0000005	0.0000004	-
5129	1	0.0000005	0.0000004	-
5354	1	0.0000005	0.0000004	-
5876	1	0.0000005	0.0000004	-
5908	1	0.0000005	0.0000004	-
5921	1	0.0000005	0.0000004	-
6081	1	0.0000005	0.0000004	-
6681	1	0.0000005	0.0000004	-
7534	1	0.0000005	0.0000004	-
9082	1	0.0000005	0.0000004	-
9638	1	0.0000005	0.0000004	-
12225	1	0.0000005	0.0000004	-
25980	1	0.0000005	0.0000004	-
32369	1	0.0000005	0.0000004	-
33160	1	0.0000005	0.0000004	-
39138	1	0.0000005	0.0000004	-
56045	1	0.0000005	0.0000004	-
57049	1	0.0000005	0.0000004	-
131867	1	0.0000005	0.0000004	-
181803	1	0.0000005	0.0000004	-
211875	1	0.0000005	0.0000004	-
